[array([[0, 0, 0],
       [0, 0, 0],
       [0, 0, 0],
       [0, 0, 0],
       [0, 0, 0],
       [0, 0, 0],
       [0, 0, 0],
       [0, 0, 0],
       [0, 0, 0],
       [0, 0, 0],
       [0, 0, 0],
       [0, 0, 0],
       [0, 0, 0],
       [0, 0, 0],
       [0, 0, 0],
       [0, 0, 0],
       [0, 0, 0],
       [0, 0, 0],
       [0, 0, 0],
       [0, 0, 0],
       [0, 0, 0],
       [0, 0, 0],
       [0, 0, 0],
       [0, 0, 0],
       [0, 0, 0],
       [0, 0, 0],
       [0, 0, 0],
       [0, 0, 0],
       [0, 0, 0],
       [0, 0, 0],
       [0, 0, 0],
       [0, 0, 0],
       [0, 0, 0],
       [0, 0, 0],
       [0, 0, 0],
       [0, 0, 0],
       [0, 0, 0],
       [0, 0, 0],
       [0, 0, 0],
       [0, 0, 0],
       [0, 0, 0],
       [0, 0, 0],
       [0, 0, 0],
       [0, 0, 0],
       [0, 0, 0],
       [0, 0, 0],
       [0, 0, 0],
       [0, 0, 0],
       [0, 0, 0],
       [0, 0, 0]], dtype=uint8), array([[0, 0, 0],
       [0, 0, 0],
       [0, 0, 0],
       [0, 0, 0],
       [0, 0, 0],
       [0, 0, 0],
       [0, 0, 0],
       [0, 0, 0],
       [0, 0, 0],
       [0, 0, 0],
       [0, 0, 0],
       [0, 0, 0],
       [0, 0, 0],
       [0, 0, 0],
       [0, 0, 0],
       [0, 0, 0],
       [0, 0, 0],
       [0, 0, 0],
       [0, 0, 0],
       [0, 0, 0],
       [0, 0, 0],
       [0, 0, 0],
       [0, 0, 0],
       [0, 0, 0],
       [0, 0, 0],
       [0, 0, 0],
       [0, 0, 0],
       [0, 0, 0],
       [0, 0, 0],
       [0, 0, 0],
       [0, 0, 0],
       [0, 0, 0],
       [0, 0, 0],
       [0, 0, 0],
       [0, 0, 0],
       [0, 0, 0],
       [0, 0, 0],
       [0, 0, 0],
       [0, 0, 0],
       [0, 0, 0],
       [0, 0, 0],
       [0, 0, 0],
       [0, 0, 0],
       [0, 0, 0],
       [0, 0, 0],
       [0, 0, 0],
       [0, 0, 0],
       [0, 0, 0],
       [0, 0, 0],
       [0, 0, 0]], dtype=uint8), array([[0, 0, 0],
       [0, 0, 0],
       [0, 0, 0],
       [0, 0, 0],
       [0, 0, 0],
       [0, 0, 0],
       [0, 0, 0],
       [0, 0, 0],
       [0, 0, 0],
       [0, 0, 0],
       [0, 0, 0],
       [0, 0, 0],
       [0, 0, 0],
       [0, 0, 0],
       [0, 0, 0],
       [0, 0, 0],
       [0, 0, 0],
       [0, 0, 0],
       [0, 0, 0],
       [0, 0, 0],
       [0, 0, 0],
       [0, 0, 0],
       [0, 0, 0],
       [0, 0, 0],
       [0, 0, 0],
       [0, 0, 0],
       [0, 0, 0],
       [0, 0, 0],
       [0, 0, 0],
       [0, 0, 0],
       [0, 0, 0],
       [0, 0, 0],
       [0, 0, 0],
       [0, 0, 0],
       [0, 0, 0],
       [0, 0, 0],
       [0, 0, 0],
       [0, 0, 0],
       [0, 0, 0],
       [0, 0, 0],
       [0, 0, 0],
       [0, 0, 0],
       [0, 0, 0],
       [0, 0, 0],
       [0, 0, 0],
       [0, 0, 0],
       [0, 0, 0],
       [0, 0, 0],
       [0, 0, 0],
       [0, 0, 0]], dtype=uint8), array([[  0,   0,   0],
       [  0,   0,   0],
       [  0,   0,   0],
       [  0,   0,   0],
       [  0,   0,   0],
       [  0,   0,   0],
       [  0,   0,   0],
       [  0,   0,   0],
       [  0,   0,   0],
       [  0,   0,   0],
       [  0,   0,   0],
       [  0,   0,   0],
       [  0,   0,   0],
       [  0,   0,   0],
       [  0,   0,   0],
       [  0,   0,   0],
       [  0,   0,   0],
       [  0,   0,   0],
       [  0,   0,   0],
       [  0,   0,   0],
       [  0,   0,   0],
       [  0,   0,   0],
       [  0,   0,   0],
       [  0,   0,   0],
       [  0,   0,   0],
       [139,  63, 229],
       [  0,   0,   0],
       [  0,   0,   0],
       [  0,   0,   0],
       [  0,   0,   0],
       [  0,   0,   0],
       [  0,   0,   0],
       [  0,   0,   0],
       [  0,   0,   0],
       [  0,   0,   0],
       [  0,   0,   0],
       [  0,   0,   0],
       [  0,   0,   0],
       [  0,   0,   0],
       [  0,   0,   0],
       [  0,   0,   0],
       [  0,   0,   0],
       [  0,   0,   0],
       [  0,   0,   0],
       [  0,   0,   0],
       [  0,   0,   0],
       [  0,   0,   0],
       [  0,   0,   0],
       [  0,   0,   0],
       [  0,   0,   0]], dtype=uint8), array([[  0,   0,   0],
       [  0,   0,   0],
       [  0,   0,   0],
       [  0,   0,   0],
       [  0,   0,   0],
       [  0,   0,   0],
       [  0,   0,   0],
       [  0,   0,   0],
       [  0,   0,   0],
       [  0,   0,   0],
       [  0,   0,   0],
       [  0,   0,   0],
       [  0,   0,   0],
       [  0,   0,   0],
       [  0,   0,   0],
       [  0,   0,   0],
       [  0,   0,   0],
       [  0,   0,   0],
       [  0,   0,   0],
       [145,  68, 236],
       [144,  67, 235],
       [143,  67, 233],
       [142,  66, 232],
       [142,  64, 231],
       [139,  63, 229],
       [138,  62, 228],
       [137,  61, 227],
       [136,  60, 226],
       [135,  59, 225],
       [135,  57, 224],
       [134,  56, 223],
       [133,  55, 222],
       [  0,   0,   0],
       [  0,   0,   0],
       [  0,   0,   0],
       [  0,   0,   0],
       [  0,   0,   0],
       [  0,   0,   0],
       [  0,   0,   0],
       [  0,   0,   0],
       [  0,   0,   0],
       [  0,   0,   0],
       [  0,   0,   0],
       [  0,   0,   0],
       [  0,   0,   0],
       [  0,   0,   0],
       [  0,   0,   0],
       [  0,   0,   0],
       [  0,   0,   0],
       [  0,   0,   0]], dtype=uint8), array([[  0,   0,   0],
       [  0,   0,   0],
       [  0,   0,   0],
       [  0,   0,   0],
       [  0,   0,   0],
       [  0,   0,   0],
       [  0,   0,   0],
       [  0,   0,   0],
       [  0,   0,   0],
       [  0,   0,   0],
       [  0,   0,   0],
       [  0,   0,   0],
       [  0,   0,   0],
       [  0,   0,   0],
       [  0,   0,   0],
       [  0,   0,   0],
       [147,  71, 237],
       [146,  69, 237],
       [145,  68, 236],
       [144,  67, 235],
       [143,  67, 233],
       [142,  66, 232],
       [142,  63, 231],
       [139,  63, 229],
       [138,  62, 228],
       [137,  61, 227],
       [136,  60, 226],
       [135,  59, 225],
       [135,  57, 224],
       [134,  56, 223],
       [133,  55, 222],
       [131,  53, 221],
       [130,  52, 220],
       [129,  51, 218],
       [130,  50, 217],
       [  0,   0,   0],
       [  0,   0,   0],
       [  0,   0,   0],
       [  0,   0,   0],
       [  0,   0,   0],
       [  0,   0,   0],
       [  0,   0,   0],
       [  0,   0,   0],
       [  0,   0,   0],
       [  0,   0,   0],
       [  0,   0,   0],
       [  0,   0,   0],
       [  0,   0,   0],
       [  0,   0,   0],
       [  0,   0,   0]], dtype=uint8), array([[  0,   0,   0],
       [  0,   0,   0],
       [  0,   0,   0],
       [  0,   0,   0],
       [  0,   0,   0],
       [  0,   0,   0],
       [  0,   0,   0],
       [  0,   0,   0],
       [  0,   0,   0],
       [  0,   0,   0],
       [  0,   0,   0],
       [  0,   0,   0],
       [  0,   0,   0],
       [  0,   0,   0],
       [148,  72, 237],
       [147,  71, 237],
       [146,  69, 237],
       [145,  68, 236],
       [144,  67, 235],
       [143,  67, 233],
       [142,  66, 232],
       [142,  64, 231],
       [139,  63, 229],
       [138,  62, 228],
       [137,  61, 227],
       [136,  60, 226],
       [135,  59, 225],
       [135,  57, 224],
       [134,  56, 223],
       [133,  55, 222],
       [131,  53, 221],
       [130,  52, 220],
       [130,  51, 218],
       [130,  50, 217],
       [129,  49, 216],
       [128,  48, 215],
       [127,  48, 213],
       [  0,   0,   0],
       [  0,   0,   0],
       [  0,   0,   0],
       [  0,   0,   0],
       [  0,   0,   0],
       [  0,   0,   0],
       [  0,   0,   0],
       [  0,   0,   0],
       [  0,   0,   0],
       [  0,   0,   0],
       [  0,   0,   0],
       [  0,   0,   0],
       [  0,   0,   0]], dtype=uint8), array([[  0,   0,   0],
       [  0,   0,   0],
       [  0,   0,   0],
       [  0,   0,   0],
       [  0,   0,   0],
       [  0,   0,   0],
       [  0,   0,   0],
       [  0,   0,   0],
       [  0,   0,   0],
       [  0,   0,   0],
       [  0,   0,   0],
       [  0,   0,   0],
       [  0,   0,   0],
       [148,  72, 237],
       [147,  71, 237],
       [146,  69, 237],
       [145,  68, 236],
       [144,  67, 235],
       [143,  67, 233],
       [142,  66, 232],
       [142,  64, 231],
       [139,  63, 229],
       [137,  62, 228],
       [137,  61, 227],
       [136,  60, 226],
       [135,  59, 225],
       [135,  57, 224],
       [134,  56, 223],
       [133,  55, 222],
       [131,  53, 221],
       [130,  52, 220],
       [130,  51, 218],
       [130,  50, 217],
       [129,  49, 216],
       [128,  48, 215],
       [127,  48, 213],
       [126,  47, 212],
       [126,  46, 211],
       [  0,   0,   0],
       [  0,   0,   0],
       [  0,   0,   0],
       [  0,   0,   0],
       [  0,   0,   0],
       [  0,   0,   0],
       [  0,   0,   0],
       [  0,   0,   0],
       [  0,   0,   0],
       [  0,   0,   0],
       [  0,   0,   0],
       [  0,   0,   0]], dtype=uint8), array([[  0,   0,   0],
       [  0,   0,   0],
       [  0,   0,   0],
       [  0,   0,   0],
       [  0,   0,   0],
       [  0,   0,   0],
       [  0,   0,   0],
       [  0,   0,   0],
       [  0,   0,   0],
       [  0,   0,   0],
       [  0,   0,   0],
       [  0,   0,   0],
       [147,  71, 236],
       [147,  71, 237],
       [146,  69, 237],
       [145,  68, 236],
       [144,  67, 235],
       [143,  67, 233],
       [142,  66, 232],
       [142,  64, 231],
       [139,  63, 229],
       [138,  62, 228],
       [137,  61, 227],
       [136,  60, 226],
       [135,  59, 225],
       [135,  57, 224],
       [134,  56, 223],
       [133,  55, 222],
       [131,  53, 221],
       [130,  52, 220],
       [129,  51, 218],
       [130,  50, 217],
       [129,  49, 216],
       [128,  48, 215],
       [127,  48, 213],
       [126,  47, 212],
       [125,  46, 211],
       [124,  45, 210],
       [123,  44, 209],
       [  0,   0,   0],
       [  0,   0,   0],
       [  0,   0,   0],
       [  0,   0,   0],
       [  0,   0,   0],
       [  0,   0,   0],
       [  0,   0,   0],
       [  0,   0,   0],
       [  0,   0,   0],
       [  0,   0,   0],
       [  0,   0,   0]], dtype=uint8), array([[  0,   0,   0],
       [  0,   0,   0],
       [  0,   0,   0],
       [  0,   0,   0],
       [  0,   0,   0],
       [  0,   0,   0],
       [  0,   0,   0],
       [  0,   0,   0],
       [  0,   0,   0],
       [  0,   0,   0],
       [149,  73, 238],
       [148,  72, 237],
       [147,  71, 237],
       [146,  69, 237],
       [145,  68, 236],
       [144,  67, 235],
       [143,  67, 233],
       [142,  66, 232],
       [142,  64, 231],
       [139,  63, 229],
       [138,  62, 228],
       [137,  61, 227],
       [136,  60, 226],
       [135,  59, 225],
       [135,  57, 224],
       [134,  56, 223],
       [133,  55, 222],
       [131,  53, 221],
       [130,  52, 220],
       [129,  51, 218],
       [130,  50, 217],
       [129,  49, 216],
       [128,  48, 215],
       [127,  48, 213],
       [126,  47, 212],
       [125,  46, 211],
       [124,  45, 210],
       [123,  44, 209],
       [122,  43, 208],
       [121,  42, 207],
       [119,  40, 205],
       [  0,   0,   0],
       [  0,   0,   0],
       [  0,   0,   0],
       [  0,   0,   0],
       [  0,   0,   0],
       [  0,   0,   0],
       [  0,   0,   0],
       [  0,   0,   0],
       [  0,   0,   0]], dtype=uint8), array([[  0,   0,   0],
       [  0,   0,   0],
       [  0,   0,   0],
       [  0,   0,   0],
       [  0,   0,   0],
       [  0,   0,   0],
       [  0,   0,   0],
       [  0,   0,   0],
       [  0,   0,   0],
       [149,  73, 238],
       [148,  72, 237],
       [147,  71, 237],
       [146,  69, 237],
       [145,  68, 236],
       [255, 255, 255],
       [143,  67, 233],
       [142,  66, 232],
       [142,  63, 231],
       [139,  63, 229],
       [138,  62, 228],
       [137,  61, 227],
       [136,  60, 226],
       [135,  59, 225],
       [135,  57, 224],
       [134,  53, 225],
       [133,  52, 223],
       [131,  53, 221],
       [130,  52, 220],
       [129,  51, 218],
       [130,  50, 217],
       [129,  49, 216],
       [128,  48, 215],
       [127,  48, 213],
       [126,  47, 212],
       [125,  46, 211],
       [255, 255, 255],
       [123,  44, 209],
       [122,  43, 208],
       [121,  42, 207],
       [119,  40, 205],
       [118,  39, 202],
       [117,  38, 201],
       [  0,   0,   0],
       [  0,   0,   0],
       [  0,   0,   0],
       [  0,   0,   0],
       [  0,   0,   0],
       [  0,   0,   0],
       [  0,   0,   0],
       [  0,   0,   0]], dtype=uint8), array([[  0,   0,   0],
       [  0,   0,   0],
       [  0,   0,   0],
       [  0,   0,   0],
       [  0,   0,   0],
       [  0,   0,   0],
       [  0,   0,   0],
       [  0,   0,   0],
       [  0,   0,   0],
       [148,  72, 237],
       [147,  71, 237],
       [146,  69, 237],
       [145,  68, 236],
       [147,  71, 236],
       [255, 255, 255],
       [254, 251, 253],
       [142,  64, 231],
       [139,  63, 229],
       [138,  62, 228],
       [137,  61, 227],
       [136,  60, 226],
       [135,  59, 225],
       [135,  57, 224],
       [134,  56, 223],
       [255, 255, 255],
       [255, 255, 255],
       [130,  52, 220],
       [130,  51, 218],
       [130,  50, 217],
       [129,  49, 216],
       [128,  48, 215],
       [127,  48, 213],
       [126,  47, 212],
       [125,  46, 211],
       [252, 250, 252],
       [255, 255, 255],
       [121,  43, 202],
       [121,  42, 207],
       [119,  40, 205],
       [118,  39, 202],
       [117,  38, 201],
       [116,  37, 200],
       [  0,   0,   0],
       [  0,   0,   0],
       [  0,   0,   0],
       [  0,   0,   0],
       [  0,   0,   0],
       [  0,   0,   0],
       [  0,   0,   0],
       [  0,   0,   0]], dtype=uint8), array([[  0,   0,   0],
       [  0,   0,   0],
       [  0,   0,   0],
       [  0,   0,   0],
       [  0,   0,   0],
       [  0,   0,   0],
       [  0,   0,   0],
       [  0,   0,   0],
       [148,  72, 237],
       [147,  71, 237],
       [146,  69, 237],
       [145,  68, 236],
       [144,  67, 235],
       [255, 255, 255],
       [255, 255, 255],
       [255, 255, 255],
       [139,  63, 229],
       [137,  62, 228],
       [137,  61, 227],
       [136,  60, 226],
       [135,  59, 225],
       [135,  57, 224],
       [134,  56, 223],
       [133,  55, 221],
       [255, 255, 255],
       [255, 255, 255],
       [130,  52, 217],
       [130,  50, 217],
       [129,  49, 216],
       [128,  48, 215],
       [127,  48, 213],
       [126,  47, 212],
       [126,  46, 211],
       [124,  45, 210],
       [255, 255, 255],
       [255, 255, 255],
       [255, 255, 255],
       [119,  40, 205],
       [118,  39, 202],
       [117,  38, 201],
       [116,  37, 200],
       [115,  36, 199],
       [114,  35, 198],
       [  0,   0,   0],
       [  0,   0,   0],
       [  0,   0,   0],
       [  0,   0,   0],
       [  0,   0,   0],
       [  0,   0,   0],
       [  0,   0,   0]], dtype=uint8), array([[  0,   0,   0],
       [  0,   0,   0],
       [  0,   0,   0],
       [  0,   0,   0],
       [  0,   0,   0],
       [  0,   0,   0],
       [  0,   0,   0],
       [147,  71, 236],
       [147,  71, 237],
       [146,  69, 237],
       [145,  68, 236],
       [144,  67, 235],
       [143,  67, 233],
       [255, 255, 255],
       [255, 255, 255],
       [255, 255, 255],
       [138,  62, 228],
       [137,  61, 227],
       [136,  60, 226],
       [135,  59, 225],
       [135,  57, 224],
       [134,  56, 223],
       [133,  55, 222],
       [255, 255, 255],
       [255, 255, 255],
       [255, 255, 255],
       [255, 255, 255],
       [129,  49, 216],
       [128,  48, 215],
       [127,  48, 213],
       [126,  47, 212],
       [125,  46, 211],
       [124,  45, 210],
       [123,  44, 209],
       [255, 255, 255],
       [255, 255, 255],
       [255, 255, 255],
       [118,  39, 202],
       [117,  38, 201],
       [116,  37, 200],
       [115,  36, 199],
       [114,  35, 198],
       [113,  34, 197],
       [112,  33, 196],
       [  0,   0,   0],
       [  0,   0,   0],
       [  0,   0,   0],
       [  0,   0,   0],
       [  0,   0,   0],
       [  0,   0,   0]], dtype=uint8), array([[  0,   0,   0],
       [  0,   0,   0],
       [  0,   0,   0],
       [  0,   0,   0],
       [  0,   0,   0],
       [  0,   0,   0],
       [148,  72, 237],
       [147,  71, 237],
       [146,  69, 237],
       [145,  68, 236],
       [144,  67, 235],
       [143,  67, 233],
       [203, 170, 241],
       [255, 255, 255],
       [255, 255, 255],
       [255, 255, 255],
       [251, 253, 246],
       [136,  60, 226],
       [135,  59, 225],
       [135,  57, 224],
       [134,  56, 223],
       [133,  55, 222],
       [131,  53, 221],
       [255, 255, 255],
       [255, 255, 255],
       [255, 255, 255],
       [255, 255, 255],
       [128,  48, 215],
       [127,  48, 213],
       [126,  47, 212],
       [125,  46, 211],
       [124,  45, 210],
       [123,  44, 209],
       [255, 254, 249],
       [255, 255, 255],
       [255, 255, 255],
       [255, 255, 255],
       [188, 151, 225],
       [116,  37, 200],
       [115,  36, 199],
       [114,  35, 198],
       [113,  34, 197],
       [112,  32, 195],
       [112,  31, 194],
       [111,  30, 193],
       [  0,   0,   0],
       [  0,   0,   0],
       [  0,   0,   0],
       [  0,   0,   0],
       [  0,   0,   0]], dtype=uint8), array([[  0,   0,   0],
       [  0,   0,   0],
       [  0,   0,   0],
       [  0,   0,   0],
       [  0,   0,   0],
       [  0,   0,   0],
       [147,  71, 237],
       [146,  69, 237],
       [145,  68, 236],
       [144,  67, 235],
       [143,  67, 233],
       [142,  66, 232],
       [255, 255, 255],
       [255, 255, 255],
       [255, 255, 255],
       [255, 255, 255],
       [255, 255, 255],
       [135,  59, 225],
       [135,  57, 224],
       [134,  56, 223],
       [133,  55, 222],
       [131,  53, 221],
       [130,  52, 220],
       [255, 255, 255],
       [255, 255, 255],
       [255, 255, 255],
       [255, 255, 255],
       [127,  47, 213],
       [126,  47, 212],
       [125,  46, 211],
       [124,  45, 210],
       [123,  44, 209],
       [122,  43, 208],
       [255, 255, 255],
       [255, 255, 255],
       [255, 255, 255],
       [255, 255, 255],
       [254, 255, 254],
       [115,  36, 199],
       [114,  35, 198],
       [113,  34, 197],
       [112,  33, 196],
       [112,  31, 194],
       [111,  30, 193],
       [111,  31, 192],
       [  0,   0,   0],
       [  0,   0,   0],
       [  0,   0,   0],
       [  0,   0,   0],
       [  0,   0,   0]], dtype=uint8), array([[  0,   0,   0],
       [  0,   0,   0],
       [  0,   0,   0],
       [  0,   0,   0],
       [  0,   0,   0],
       [147,  71, 237],
       [146,  69, 237],
       [145,  68, 236],
       [144,  67, 235],
       [143,  67, 233],
       [142,  66, 232],
       [142,  64, 231],
       [255, 255, 255],
       [255, 255, 255],
       [255, 255, 255],
       [255, 255, 255],
       [255, 255, 255],
       [135,  57, 224],
       [134,  56, 223],
       [133,  55, 222],
       [131,  53, 221],
       [130,  52, 220],
       [130,  52, 218],
       [255, 255, 255],
       [255, 255, 255],
       [255, 255, 255],
       [255, 255, 255],
       [126,  47, 210],
       [125,  46, 211],
       [124,  45, 210],
       [123,  44, 209],
       [122,  43, 208],
       [121,  42, 207],
       [255, 255, 255],
       [255, 255, 255],
       [255, 255, 255],
       [255, 255, 255],
       [255, 255, 255],
       [114,  35, 198],
       [113,  34, 197],
       [112,  33, 196],
       [112,  31, 194],
       [111,  30, 193],
       [111,  31, 192],
       [110,  30, 191],
       [110,  30, 191],
       [  0,   0,   0],
       [  0,   0,   0],
       [  0,   0,   0],
       [  0,   0,   0]], dtype=uint8), array([[  0,   0,   0],
       [  0,   0,   0],
       [  0,   0,   0],
       [  0,   0,   0],
       [  0,   0,   0],
       [146,  69, 237],
       [145,  68, 236],
       [144,  67, 235],
       [143,  67, 233],
       [142,  66, 232],
       [142,  64, 231],
       [139,  63, 229],
       [165, 111, 234],
       [166, 110, 234],
       [163, 109, 232],
       [163, 109, 231],
       [162, 107, 231],
       [134,  56, 223],
       [133,  55, 222],
       [131,  53, 221],
       [130,  52, 220],
       [130,  51, 218],
       [130,  50, 217],
       [159, 101, 226],
       [157, 100, 225],
       [157,  99, 223],
       [157,  99, 223],
       [124,  45, 212],
       [124,  45, 210],
       [123,  44, 209],
       [122,  43, 208],
       [121,  42, 207],
       [119,  40, 205],
       [150,  93, 216],
       [149,  92, 214],
       [149,  91, 214],
       [148,  90, 213],
       [146,  89, 212],
       [113,  34, 197],
       [112,  33, 196],
       [112,  31, 194],
       [111,  30, 193],
       [111,  31, 192],
       [109,  30, 191],
       [110,  30, 191],
       [107,  30, 188],
       [  0,   0,   0],
       [  0,   0,   0],
       [  0,   0,   0],
       [  0,   0,   0]], dtype=uint8), array([[  0,   0,   0],
       [  0,   0,   0],
       [  0,   0,   0],
       [  0,   0,   0],
       [  0,   0,   0],
       [145,  68, 236],
       [144,  67, 235],
       [143,  67, 233],
       [142,  66, 232],
       [142,  64, 231],
       [139,  63, 229],
       [138,  62, 228],
       [255, 255, 255],
       [255, 255, 255],
       [255, 255, 255],
       [255, 255, 255],
       [255, 255, 255],
       [133,  55, 222],
       [131,  53, 221],
       [130,  52, 220],
       [129,  51, 218],
       [130,  50, 217],
       [128,  49, 215],
       [255, 255, 255],
       [255, 255, 255],
       [255, 255, 255],
       [255, 255, 255],
       [123,  45, 209],
       [123,  44, 209],
       [122,  43, 208],
       [121,  42, 207],
       [119,  40, 205],
       [118,  39, 202],
       [255, 255, 255],
       [255, 255, 255],
       [255, 255, 255],
       [255, 255, 255],
       [255, 255, 255],
       [112,  33, 196],
       [112,  31, 194],
       [111,  30, 193],
       [111,  31, 192],
       [109,  30, 191],
       [110,  30, 191],
       [107,  30, 188],
       [107,  30, 187],
       [  0,   0,   0],
       [  0,   0,   0],
       [  0,   0,   0],
       [  0,   0,   0]], dtype=uint8), array([[  0,   0,   0],
       [  0,   0,   0],
       [  0,   0,   0],
       [  0,   0,   0],
       [145,  68, 236],
       [144,  67, 235],
       [143,  67, 233],
       [142,  66, 232],
       [142,  64, 231],
       [139,  63, 229],
       [138,  62, 228],
       [137,  61, 227],
       [255, 255, 255],
       [255, 255, 255],
       [255, 255, 255],
       [255, 255, 255],
       [255, 255, 255],
       [131,  53, 221],
       [130,  52, 220],
       [129,  51, 218],
       [130,  50, 217],
       [129,  49, 216],
       [127,  48, 215],
       [255, 255, 255],
       [255, 255, 255],
       [255, 255, 255],
       [255, 255, 255],
       [122,  44, 208],
       [122,  43, 208],
       [121,  42, 207],
       [119,  40, 205],
       [118,  39, 202],
       [117,  38, 201],
       [255, 255, 255],
       [255, 255, 255],
       [255, 255, 255],
       [255, 255, 255],
       [255, 255, 255],
       [112,  31, 194],
       [111,  30, 193],
       [111,  31, 192],
       [110,  30, 191],
       [110,  30, 191],
       [107,  30, 188],
       [107,  30, 187],
       [106,  29, 186],
       [104,  31, 185],
       [  0,   0,   0],
       [  0,   0,   0],
       [  0,   0,   0]], dtype=uint8), array([[  0,   0,   0],
       [  0,   0,   0],
       [  0,   0,   0],
       [  0,   0,   0],
       [144,  67, 235],
       [143,  67, 233],
       [142,  66, 232],
       [142,  63, 231],
       [139,  63, 229],
       [138,  62, 228],
       [137,  61, 227],
       [136,  60, 226],
       [211, 185, 242],
       [211, 184, 242],
       [211, 184, 241],
       [211, 184, 241],
       [210, 182, 242],
       [130,  52, 220],
       [129,  51, 218],
       [130,  50, 217],
       [129,  49, 216],
       [128,  48, 215],
       [127,  48, 212],
       [209, 180, 240],
       [209, 180, 240],
       [209, 179, 239],
       [208, 179, 239],
       [122,  43, 206],
       [121,  42, 207],
       [119,  40, 205],
       [118,  39, 202],
       [117,  38, 201],
       [116,  37, 200],
       [207, 178, 237],
       [205, 176, 234],
       [205, 179, 235],
       [204, 175, 233],
       [202, 174, 232],
       [111,  30, 193],
       [111,  31, 192],
       [110,  30, 191],
       [110,  30, 191],
       [107,  30, 188],
       [107,  30, 187],
       [106,  29, 186],
       [104,  31, 185],
       [103,  30, 182],
       [  0,   0,   0],
       [  0,   0,   0],
       [  0,   0,   0]], dtype=uint8), array([[  0,   0,   0],
       [  0,   0,   0],
       [  0,   0,   0],
       [  0,   0,   0],
       [143,  67, 233],
       [142,  66, 232],
       [142,  64, 231],
       [139,  63, 229],
       [138,  62, 228],
       [137,  61, 227],
       [136,  60, 226],
       [135,  59, 225],
       [255, 255, 255],
       [255, 255, 255],
       [255, 255, 255],
       [255, 255, 255],
       [255, 255, 255],
       [130,  51, 218],
       [130,  50, 217],
       [129,  49, 216],
       [128,  48, 215],
       [127,  48, 213],
       [179, 137, 229],
       [255, 255, 255],
       [255, 255, 255],
       [255, 255, 255],
       [255, 255, 255],
       [174, 132, 223],
       [119,  40, 205],
       [118,  39, 202],
       [117,  38, 201],
       [116,  37, 200],
       [115,  36, 199],
       [255, 255, 255],
       [255, 255, 255],
       [255, 255, 255],
       [255, 255, 255],
       [255, 255, 255],
       [111,  31, 192],
       [110,  30, 191],
       [110,  30, 191],
       [107,  30, 188],
       [107,  30, 187],
       [106,  29, 186],
       [104,  31, 185],
       [103,  30, 182],
       [103,  30, 182],
       [  0,   0,   0],
       [  0,   0,   0],
       [  0,   0,   0]], dtype=uint8), array([[  0,   0,   0],
       [  0,   0,   0],
       [  0,   0,   0],
       [  0,   0,   0],
       [142,  66, 232],
       [142,  64, 231],
       [139,  63, 229],
       [137,  62, 228],
       [137,  61, 227],
       [136,  60, 226],
       [135,  59, 225],
       [135,  57, 224],
       [237, 221, 251],
       [237, 221, 251],
       [237, 221, 249],
       [236, 220, 249],
       [234, 220, 250],
       [131,  50, 216],
       [129,  49, 216],
       [128,  48, 215],
       [127,  48, 213],
       [126,  47, 212],
       [233, 220, 248],
       [233, 220, 248],
       [233, 219, 247],
       [233, 219, 248],
       [235, 219, 247],
       [232, 218, 248],
       [118,  39, 202],
       [117,  38, 201],
       [116,  37, 200],
       [115,  36, 199],
       [116,  35, 199],
       [231, 218, 245],
       [231, 218, 245],
       [232, 217, 245],
       [232, 218, 245],
       [231, 217, 245],
       [109,  30, 191],
       [110,  30, 191],
       [107,  30, 188],
       [107,  30, 187],
       [106,  29, 186],
       [104,  31, 185],
       [103,  30, 182],
       [103,  30, 182],
       [102,  31, 181],
       [  0,   0,   0],
       [  0,   0,   0],
       [  0,   0,   0]], dtype=uint8), array([[  0,   0,   0],
       [  0,   0,   0],
       [  0,   0,   0],
       [  0,   0,   0],
       [142,  64, 231],
       [139,  63, 229],
       [138,  62, 228],
       [137,  61, 227],
       [136,  60, 226],
       [135,  59, 225],
       [135,  57, 224],
       [134,  56, 223],
       [255, 255, 255],
       [255, 255, 255],
       [255, 255, 255],
       [255, 255, 255],
       [255, 255, 255],
       [128,  50, 214],
       [128,  48, 215],
       [127,  48, 213],
       [126,  47, 212],
       [125,  46, 211],
       [255, 255, 255],
       [255, 255, 255],
       [255, 255, 255],
       [255, 255, 255],
       [255, 255, 255],
       [255, 255, 255],
       [117,  38, 201],
       [116,  37, 200],
       [115,  36, 199],
       [114,  35, 198],
       [113,  34, 198],
       [255, 255, 255],
       [255, 255, 255],
       [255, 255, 255],
       [255, 255, 255],
       [255, 255, 255],
       [110,  30, 191],
       [107,  30, 188],
       [107,  30, 187],
       [106,  29, 186],
       [104,  31, 185],
       [103,  30, 182],
       [103,  30, 182],
       [102,  31, 181],
       [101,  31, 178],
       [  0,   0,   0],
       [  0,   0,   0],
       [  0,   0,   0]], dtype=uint8), array([[  0,   0,   0],
       [  0,   0,   0],
       [  0,   0,   0],
       [  0,   0,   0],
       [139,  63, 229],
       [138,  62, 228],
       [137,  61, 227],
       [136,  60, 226],
       [135,  59, 225],
       [135,  57, 224],
       [134,  56, 223],
       [133,  55, 222],
       [255, 255, 255],
       [255, 255, 255],
       [255, 255, 255],
       [255, 255, 255],
       [255, 255, 255],
       [127,  49, 213],
       [127,  48, 213],
       [126,  47, 212],
       [125,  46, 211],
       [124,  45, 210],
       [255, 255, 255],
       [255, 255, 255],
       [255, 255, 255],
       [255, 255, 255],
       [255, 255, 255],
       [255, 255, 255],
       [116,  37, 200],
       [115,  36, 199],
       [114,  35, 198],
       [113,  34, 197],
       [111,  32, 196],
       [255, 255, 255],
       [255, 255, 255],
       [255, 255, 255],
       [255, 255, 255],
       [255, 255, 255],
       [107,  30, 188],
       [107,  30, 187],
       [106,  29, 186],
       [104,  31, 185],
       [103,  30, 182],
       [103,  30, 182],
       [102,  31, 181],
       [101,  31, 178],
       [101,  31, 178],
       [  0,   0,   0],
       [  0,   0,   0],
       [  0,   0,   0]], dtype=uint8), array([[  0,   0,   0],
       [  0,   0,   0],
       [  0,   0,   0],
       [139,  63, 229],
       [138,  62, 228],
       [137,  61, 227],
       [136,  60, 226],
       [135,  59, 225],
       [135,  57, 224],
       [134,  56, 223],
       [133,  55, 222],
       [131,  53, 221],
       [255, 255, 255],
       [255, 255, 255],
       [255, 255, 255],
       [255, 255, 255],
       [255, 255, 255],
       [127,  48, 212],
       [126,  47, 212],
       [125,  46, 211],
       [124,  45, 210],
       [123,  44, 209],
       [255, 255, 255],
       [255, 255, 255],
       [255, 255, 255],
       [255, 255, 255],
       [255, 255, 255],
       [255, 255, 255],
       [115,  36, 199],
       [114,  35, 198],
       [113,  34, 197],
       [112,  33, 196],
       [111,  31, 195],
       [255, 255, 255],
       [255, 255, 255],
       [255, 255, 255],
       [255, 255, 255],
       [255, 255, 255],
       [107,  30, 187],
       [106,  29, 186],
       [104,  31, 185],
       [103,  30, 182],
       [103,  30, 182],
       [102,  31, 181],
       [101,  31, 178],
       [101,  31, 178],
       [100,  31, 176],
       [100,  31, 175],
       [  0,   0,   0],
       [  0,   0,   0]], dtype=uint8), array([[  0,   0,   0],
       [  0,   0,   0],
       [  0,   0,   0],
       [  0,   0,   0],
       [137,  61, 227],
       [136,  60, 226],
       [135,  59, 225],
       [135,  57, 224],
       [134,  56, 223],
       [133,  55, 222],
       [131,  53, 221],
       [130,  52, 220],
       [255, 255, 255],
       [255, 255, 255],
       [255, 255, 255],
       [255, 255, 255],
       [255, 255, 255],
       [125,  47, 211],
       [125,  46, 211],
       [124,  45, 210],
       [123,  44, 209],
       [122,  43, 208],
       [255, 255, 255],
       [255, 255, 255],
       [255, 255, 255],
       [255, 255, 255],
       [255, 255, 255],
       [255, 255, 255],
       [114,  35, 198],
       [113,  34, 197],
       [112,  33, 196],
       [112,  31, 194],
       [110,  30, 194],
       [255, 255, 255],
       [255, 255, 255],
       [255, 255, 255],
       [255, 255, 255],
       [255, 255, 255],
       [106,  29, 186],
       [104,  31, 185],
       [103,  30, 182],
       [103,  30, 182],
       [102,  31, 181],
       [101,  31, 178],
       [101,  31, 178],
       [100,  31, 176],
       [100,  31, 175],
       [  0,   0,   0],
       [  0,   0,   0],
       [  0,   0,   0]], dtype=uint8), array([[  0,   0,   0],
       [  0,   0,   0],
       [  0,   0,   0],
       [  0,   0,   0],
       [136,  60, 226],
       [135,  59, 225],
       [135,  57, 224],
       [134,  56, 223],
       [133,  55, 222],
       [131,  53, 221],
       [130,  52, 220],
       [130,  51, 218],
       [255, 255, 255],
       [253, 252, 255],
       [255, 255, 255],
       [255, 255, 255],
       [255, 255, 255],
       [124,  47, 210],
       [124,  45, 210],
       [123,  44, 209],
       [122,  43, 208],
       [121,  42, 207],
       [255, 255, 255],
       [255, 254, 253],
       [255, 255, 255],
       [255, 255, 255],
       [255, 255, 255],
       [255, 255, 255],
       [113,  34, 197],
       [112,  33, 196],
       [112,  31, 194],
       [111,  30, 193],
       [110,  31, 192],
       [255, 255, 255],
       [255, 255, 255],
       [255, 255, 255],
       [255, 255, 255],
       [255, 255, 255],
       [104,  31, 185],
       [103,  30, 182],
       [103,  30, 182],
       [102,  31, 181],
       [101,  31, 178],
       [101,  31, 178],
       [100,  31, 176],
       [100,  31, 175],
       [ 97,  31, 174],
       [  0,   0,   0],
       [  0,   0,   0],
       [  0,   0,   0]], dtype=uint8), array([[  0,   0,   0],
       [  0,   0,   0],
       [  0,   0,   0],
       [  0,   0,   0],
       [135,  59, 225],
       [135,  57, 224],
       [134,  56, 223],
       [133,  55, 222],
       [131,  53, 221],
       [130,  52, 220],
       [129,  51, 218],
       [130,  50, 217],
       [255, 255, 255],
       [172, 116, 226],
       [255, 255, 255],
       [255, 255, 255],
       [255, 255, 255],
       [123,  45, 208],
       [123,  44, 209],
       [122,  43, 208],
       [121,  42, 207],
       [119,  40, 205],
       [255, 255, 255],
       [117,  38, 201],
       [255, 255, 255],
       [255, 255, 255],
       [255, 255, 255],
       [255, 255, 255],
       [112,  33, 196],
       [112,  31, 194],
       [111,  30, 193],
       [111,  31, 192],
       [109,  30, 191],
       [255, 255, 255],
       [255, 255, 255],
       [255, 255, 255],
       [255, 255, 255],
       [255, 255, 255],
       [103,  30, 182],
       [103,  30, 182],
       [102,  31, 181],
       [101,  31, 178],
       [101,  31, 178],
       [100,  31, 176],
       [100,  31, 175],
       [ 97,  31, 174],
       [ 97,  31, 174],
       [  0,   0,   0],
       [  0,   0,   0],
       [  0,   0,   0]], dtype=uint8), array([[  0,   0,   0],
       [  0,   0,   0],
       [  0,   0,   0],
       [  0,   0,   0],
       [135,  57, 224],
       [134,  56, 223],
       [133,  55, 222],
       [131,  53, 221],
       [130,  52, 220],
       [129,  51, 218],
       [130,  50, 217],
       [129,  49, 216],
       [255, 255, 255],
       [166, 116, 225],
       [255, 255, 255],
       [255, 255, 255],
       [255, 255, 255],
       [122,  44, 207],
       [122,  43, 208],
       [121,  42, 207],
       [119,  40, 205],
       [118,  39, 202],
       [255, 255, 255],
       [116,  37, 200],
       [255, 255, 255],
       [255, 255, 255],
       [255, 255, 255],
       [255, 255, 255],
       [112,  31, 194],
       [111,  30, 193],
       [111,  31, 192],
       [110,  30, 191],
       [109,  30, 191],
       [255, 255, 255],
       [255, 255, 255],
       [255, 255, 255],
       [255, 255, 255],
       [255, 255, 255],
       [103,  30, 182],
       [102,  31, 181],
       [101,  31, 178],
       [101,  31, 178],
       [100,  31, 176],
       [100,  31, 175],
       [ 97,  31, 174],
       [ 97,  31, 174],
       [ 97,  31, 172],
       [  0,   0,   0],
       [  0,   0,   0],
       [  0,   0,   0]], dtype=uint8), array([[  0,   0,   0],
       [  0,   0,   0],
       [  0,   0,   0],
       [  0,   0,   0],
       [134,  56, 223],
       [133,  55, 222],
       [131,  53, 221],
       [130,  52, 220],
       [129,  51, 218],
       [130,  50, 217],
       [129,  49, 216],
       [128,  48, 215],
       [255, 255, 255],
       [169, 115, 225],
       [255, 255, 255],
       [255, 255, 255],
       [255, 255, 255],
       [121,  43, 207],
       [121,  42, 207],
       [119,  40, 205],
       [118,  39, 202],
       [117,  38, 201],
       [255, 255, 255],
       [115,  36, 199],
       [255, 255, 255],
       [255, 255, 255],
       [255, 255, 255],
       [255, 255, 255],
       [111,  30, 193],
       [111,  31, 192],
       [110,  30, 191],
       [110,  30, 191],
       [106,  29, 189],
       [255, 255, 255],
       [255, 255, 255],
       [255, 255, 255],
       [255, 255, 255],
       [255, 255, 255],
       [102,  31, 181],
       [101,  31, 178],
       [101,  31, 178],
       [100,  31, 176],
       [100,  31, 175],
       [ 97,  31, 174],
       [ 97,  31, 174],
       [ 97,  31, 172],
       [ 96,  30, 171],
       [  0,   0,   0],
       [  0,   0,   0],
       [  0,   0,   0]], dtype=uint8), array([[  0,   0,   0],
       [  0,   0,   0],
       [  0,   0,   0],
       [  0,   0,   0],
       [133,  55, 222],
       [131,  53, 221],
       [130,  52, 220],
       [130,  51, 218],
       [130,  50, 217],
       [129,  49, 216],
       [128,  48, 215],
       [127,  48, 213],
       [255, 255, 255],
       [171, 115, 224],
       [255, 255, 255],
       [255, 255, 255],
       [255, 255, 255],
       [120,  43, 206],
       [119,  40, 205],
       [118,  39, 202],
       [117,  38, 201],
       [116,  37, 200],
       [255, 255, 255],
       [114,  35, 198],
       [255, 255, 255],
       [255, 255, 255],
       [255, 255, 255],
       [255, 255, 255],
       [111,  31, 192],
       [110,  30, 191],
       [110,  30, 191],
       [107,  30, 188],
       [106,  30, 187],
       [255, 255, 255],
       [255, 255, 255],
       [255, 255, 255],
       [255, 255, 255],
       [255, 255, 255],
       [101,  31, 178],
       [101,  31, 178],
       [100,  31, 176],
       [100,  31, 175],
       [ 97,  31, 174],
       [ 97,  31, 174],
       [ 97,  31, 172],
       [ 96,  30, 171],
       [ 95,  30, 169],
       [  0,   0,   0],
       [  0,   0,   0],
       [  0,   0,   0]], dtype=uint8), array([[  0,   0,   0],
       [  0,   0,   0],
       [  0,   0,   0],
       [  0,   0,   0],
       [  0,   0,   0],
       [130,  52, 220],
       [130,  51, 218],
       [130,  50, 217],
       [129,  49, 216],
       [128,  48, 215],
       [127,  48, 213],
       [126,  47, 212],
       [255, 255, 255],
       [255, 255, 255],
       [255, 255, 255],
       [255, 255, 255],
       [255, 255, 255],
       [118,  41, 204],
       [118,  39, 202],
       [117,  38, 201],
       [116,  37, 200],
       [115,  36, 199],
       [255, 255, 255],
       [255, 255, 255],
       [255, 255, 255],
       [255, 255, 255],
       [255, 255, 255],
       [255, 255, 255],
       [109,  30, 191],
       [110,  30, 191],
       [107,  30, 188],
       [107,  30, 187],
       [105,  30, 186],
       [255, 255, 255],
       [255, 255, 255],
       [255, 255, 255],
       [255, 255, 255],
       [255, 255, 255],
       [101,  31, 178],
       [100,  31, 176],
       [100,  31, 175],
       [ 97,  31, 174],
       [ 98,  31, 174],
       [ 97,  31, 172],
       [ 96,  30, 171],
       [ 95,  30, 169],
       [  0,   0,   0],
       [  0,   0,   0],
       [  0,   0,   0],
       [  0,   0,   0]], dtype=uint8), array([[  0,   0,   0],
       [  0,   0,   0],
       [  0,   0,   0],
       [  0,   0,   0],
       [  0,   0,   0],
       [129,  51, 218],
       [130,  50, 217],
       [129,  49, 216],
       [128,  48, 215],
       [127,  48, 213],
       [126,  47, 212],
       [125,  46, 211],
       [255, 255, 255],
       [255, 255, 255],
       [255, 255, 255],
       [255, 255, 255],
       [255, 255, 255],
       [117,  40, 200],
       [117,  38, 201],
       [116,  37, 200],
       [115,  36, 199],
       [114,  35, 198],
       [255, 255, 255],
       [255, 255, 255],
       [255, 255, 255],
       [255, 255, 255],
       [255, 255, 255],
       [255, 255, 255],
       [110,  30, 191],
       [107,  30, 188],
       [107,  30, 187],
       [106,  29, 186],
       [104,  31, 185],
       [255, 255, 255],
       [255, 255, 255],
       [255, 255, 255],
       [255, 255, 255],
       [255, 255, 255],
       [100,  31, 176],
       [100,  31, 175],
       [ 97,  31, 174],
       [ 97,  31, 174],
       [ 97,  31, 172],
       [ 96,  30, 171],
       [ 95,  30, 169],
       [ 95,  30, 169],
       [  0,   0,   0],
       [  0,   0,   0],
       [  0,   0,   0],
       [  0,   0,   0]], dtype=uint8), array([[  0,   0,   0],
       [  0,   0,   0],
       [  0,   0,   0],
       [  0,   0,   0],
       [  0,   0,   0],
       [130,  50, 217],
       [129,  49, 216],
       [128,  48, 215],
       [127,  48, 213],
       [126,  47, 212],
       [125,  46, 211],
       [124,  45, 210],
       [255, 255, 255],
       [255, 255, 255],
       [255, 255, 255],
       [255, 255, 255],
       [255, 255, 255],
       [115,  38, 199],
       [116,  37, 200],
       [115,  36, 199],
       [114,  35, 198],
       [113,  34, 197],
       [255, 255, 255],
       [255, 255, 255],
       [255, 255, 255],
       [255, 255, 255],
       [255, 255, 255],
       [255, 255, 255],
       [107,  30, 188],
       [107,  30, 187],
       [106,  29, 186],
       [104,  31, 185],
       [103,  30, 182],
       [255, 255, 255],
       [255, 255, 255],
       [255, 255, 255],
       [255, 255, 255],
       [255, 255, 255],
       [100,  31, 175],
       [ 97,  31, 174],
       [ 97,  31, 174],
       [ 97,  31, 172],
       [ 96,  30, 171],
       [ 95,  30, 169],
       [ 95,  30, 169],
       [ 92,  30, 166],
       [  0,   0,   0],
       [  0,   0,   0],
       [  0,   0,   0],
       [  0,   0,   0]], dtype=uint8), array([[  0,   0,   0],
       [  0,   0,   0],
       [  0,   0,   0],
       [  0,   0,   0],
       [  0,   0,   0],
       [  0,   0,   0],
       [128,  48, 215],
       [127,  48, 213],
       [126,  47, 212],
       [125,  46, 211],
       [124,  45, 210],
       [123,  44, 209],
       [255, 255, 255],
       [255, 255, 255],
       [255, 255, 255],
       [255, 255, 255],
       [255, 255, 255],
       [115,  38, 198],
       [115,  36, 199],
       [114,  35, 198],
       [113,  34, 197],
       [112,  33, 196],
       [255, 255, 255],
       [255, 255, 255],
       [255, 255, 255],
       [255, 255, 255],
       [255, 255, 255],
       [255, 255, 255],
       [107,  30, 187],
       [106,  29, 186],
       [104,  31, 185],
       [103,  30, 182],
       [103,  30, 183],
       [255, 255, 255],
       [255, 255, 255],
       [255, 255, 255],
       [255, 255, 255],
       [255, 255, 255],
       [ 97,  31, 174],
       [ 97,  31, 174],
       [ 97,  31, 172],
       [ 96,  30, 171],
       [ 95,  30, 169],
       [ 95,  30, 169],
       [ 92,  30, 166],
       [  0,   0,   0],
       [  0,   0,   0],
       [  0,   0,   0],
       [  0,   0,   0],
       [  0,   0,   0]], dtype=uint8), array([[  0,   0,   0],
       [  0,   0,   0],
       [  0,   0,   0],
       [  0,   0,   0],
       [  0,   0,   0],
       [  0,   0,   0],
       [127,  48, 213],
       [126,  47, 212],
       [125,  46, 211],
       [124,  45, 210],
       [123,  44, 209],
       [122,  43, 208],
       [121,  42, 207],
       [119,  40, 205],
       [118,  39, 202],
       [117,  38, 201],
       [116,  37, 200],
       [115,  36, 199],
       [114,  35, 198],
       [113,  34, 197],
       [112,  33, 196],
       [112,  31, 194],
       [111,  30, 193],
       [111,  31, 192],
       [110,  30, 191],
       [110,  30, 191],
       [107,  30, 188],
       [107,  30, 187],
       [106,  29, 186],
       [104,  31, 185],
       [103,  30, 182],
       [103,  30, 182],
       [102,  31, 181],
       [101,  31, 178],
       [101,  31, 178],
       [100,  31, 176],
       [100,  31, 175],
       [ 97,  31, 174],
       [ 97,  31, 174],
       [ 97,  31, 172],
       [ 96,  30, 171],
       [ 95,  30, 169],
       [ 95,  30, 169],
       [ 92,  30, 166],
       [ 93,  29, 165],
       [  0,   0,   0],
       [  0,   0,   0],
       [  0,   0,   0],
       [  0,   0,   0],
       [  0,   0,   0]], dtype=uint8), array([[  0,   0,   0],
       [  0,   0,   0],
       [  0,   0,   0],
       [  0,   0,   0],
       [  0,   0,   0],
       [  0,   0,   0],
       [  0,   0,   0],
       [126,  46, 211],
       [124,  45, 210],
       [123,  44, 209],
       [122,  43, 208],
       [121,  42, 207],
       [255, 255, 255],
       [255, 255, 255],
       [255, 255, 255],
       [255, 255, 255],
       [255, 255, 255],
       [113,  37, 197],
       [113,  34, 197],
       [112,  33, 196],
       [112,  31, 194],
       [111,  30, 193],
       [255, 255, 255],
       [255, 255, 255],
       [255, 255, 255],
       [255, 255, 255],
       [255, 255, 255],
       [255, 255, 255],
       [104,  31, 185],
       [103,  30, 182],
       [103,  30, 182],
       [102,  31, 181],
       [101,  31, 179],
       [255, 255, 255],
       [255, 255, 255],
       [255, 255, 255],
       [255, 255, 255],
       [255, 255, 255],
       [ 97,  31, 172],
       [ 96,  30, 171],
       [ 95,  30, 169],
       [ 95,  30, 169],
       [ 93,  30, 166],
       [ 93,  29, 165],
       [  0,   0,   0],
       [  0,   0,   0],
       [  0,   0,   0],
       [  0,   0,   0],
       [  0,   0,   0],
       [  0,   0,   0]], dtype=uint8), array([[  0,   0,   0],
       [  0,   0,   0],
       [  0,   0,   0],
       [  0,   0,   0],
       [  0,   0,   0],
       [  0,   0,   0],
       [  0,   0,   0],
       [  0,   0,   0],
       [123,  44, 209],
       [122,  43, 208],
       [121,  42, 207],
       [119,  40, 205],
       [117,  38, 201],
       [117,  38, 201],
       [115,  36, 199],
       [114,  35, 198],
       [114,  35, 198],
       [113,  34, 197],
       [112,  33, 196],
       [112,  31, 194],
       [111,  30, 193],
       [111,  31, 192],
       [109,  30, 191],
       [110,  30, 191],
       [106,  29, 187],
       [106,  29, 186],
       [105,  28, 185],
       [103,  30, 184],
       [103,  30, 182],
       [103,  30, 182],
       [102,  31, 181],
       [101,  31, 178],
       [101,  31, 178],
       [ 99,  30, 175],
       [ 99,  30, 174],
       [ 97,  31, 174],
       [ 97,  31, 174],
       [ 96,  30, 171],
       [ 96,  30, 171],
       [ 95,  30, 169],
       [ 95,  30, 169],
       [ 92,  30, 166],
       [ 93,  29, 165],
       [  0,   0,   0],
       [  0,   0,   0],
       [  0,   0,   0],
       [  0,   0,   0],
       [  0,   0,   0],
       [  0,   0,   0],
       [  0,   0,   0]], dtype=uint8), array([[  0,   0,   0],
       [  0,   0,   0],
       [  0,   0,   0],
       [  0,   0,   0],
       [  0,   0,   0],
       [  0,   0,   0],
       [  0,   0,   0],
       [  0,   0,   0],
       [  0,   0,   0],
       [121,  42, 207],
       [119,  40, 205],
       [255, 255, 255],
       [255, 255, 255],
       [255, 255, 255],
       [255, 255, 255],
       [255, 255, 255],
       [255, 255, 255],
       [255, 255, 255],
       [112,  31, 194],
       [111,  30, 193],
       [111,  31, 192],
       [106,  30, 191],
       [255, 255, 255],
       [255, 255, 255],
       [255, 255, 255],
       [255, 255, 255],
       [255, 255, 255],
       [255, 255, 255],
       [104,  28, 188],
       [102,  31, 181],
       [101,  31, 178],
       [101,  31, 178],
       [255, 255, 255],
       [255, 255, 255],
       [255, 255, 255],
       [255, 255, 255],
       [255, 255, 255],
       [255, 255, 255],
       [255, 255, 255],
       [ 95,  30, 169],
       [ 92,  30, 166],
       [ 93,  29, 165],
       [  0,   0,   0],
       [  0,   0,   0],
       [  0,   0,   0],
       [  0,   0,   0],
       [  0,   0,   0],
       [  0,   0,   0],
       [  0,   0,   0],
       [  0,   0,   0]], dtype=uint8), array([[  0,   0,   0],
       [  0,   0,   0],
       [  0,   0,   0],
       [  0,   0,   0],
       [  0,   0,   0],
       [  0,   0,   0],
       [  0,   0,   0],
       [  0,   0,   0],
       [  0,   0,   0],
       [119,  40, 205],
       [118,  39, 202],
       [117,  38, 201],
       [116,  37, 200],
       [115,  36, 199],
       [114,  35, 198],
       [113,  34, 197],
       [112,  33, 196],
       [112,  31, 194],
       [111,  30, 193],
       [111,  31, 192],
       [110,  30, 191],
       [110,  30, 191],
       [107,  30, 188],
       [107,  30, 187],
       [106,  29, 186],
       [104,  31, 185],
       [103,  30, 182],
       [103,  30, 182],
       [102,  31, 181],
       [101,  31, 178],
       [101,  31, 178],
       [100,  31, 176],
       [100,  31, 175],
       [ 97,  31, 174],
       [ 97,  31, 174],
       [ 97,  31, 172],
       [ 96,  30, 171],
       [ 95,  30, 169],
       [ 95,  30, 169],
       [ 92,  30, 166],
       [ 93,  29, 165],
       [ 90,  29, 163],
       [  0,   0,   0],
       [  0,   0,   0],
       [  0,   0,   0],
       [  0,   0,   0],
       [  0,   0,   0],
       [  0,   0,   0],
       [  0,   0,   0],
       [  0,   0,   0]], dtype=uint8), array([[  0,   0,   0],
       [  0,   0,   0],
       [  0,   0,   0],
       [  0,   0,   0],
       [  0,   0,   0],
       [  0,   0,   0],
       [  0,   0,   0],
       [  0,   0,   0],
       [  0,   0,   0],
       [  0,   0,   0],
       [117,  38, 201],
       [116,  37, 200],
       [115,  36, 199],
       [114,  35, 198],
       [113,  34, 197],
       [112,  33, 196],
       [112,  31, 194],
       [111,  30, 193],
       [111,  31, 192],
       [110,  30, 191],
       [110,  30, 191],
       [107,  30, 188],
       [107,  30, 187],
       [106,  29, 186],
       [104,  31, 185],
       [103,  30, 182],
       [103,  30, 182],
       [102,  31, 181],
       [101,  31, 178],
       [101,  31, 178],
       [100,  31, 176],
       [100,  31, 175],
       [ 97,  31, 174],
       [ 97,  31, 174],
       [ 97,  31, 172],
       [ 96,  30, 171],
       [ 95,  30, 169],
       [ 95,  30, 169],
       [ 92,  30, 166],
       [ 93,  29, 165],
       [ 90,  29, 163],
       [  0,   0,   0],
       [  0,   0,   0],
       [  0,   0,   0],
       [  0,   0,   0],
       [  0,   0,   0],
       [  0,   0,   0],
       [  0,   0,   0],
       [  0,   0,   0],
       [  0,   0,   0]], dtype=uint8), array([[  0,   0,   0],
       [  0,   0,   0],
       [  0,   0,   0],
       [  0,   0,   0],
       [  0,   0,   0],
       [  0,   0,   0],
       [  0,   0,   0],
       [  0,   0,   0],
       [  0,   0,   0],
       [  0,   0,   0],
       [  0,   0,   0],
       [  0,   0,   0],
       [114,  35, 198],
       [113,  34, 197],
       [112,  33, 196],
       [112,  31, 194],
       [111,  30, 193],
       [111,  31, 192],
       [109,  30, 191],
       [110,  30, 191],
       [107,  30, 188],
       [107,  30, 187],
       [106,  29, 186],
       [104,  31, 185],
       [103,  30, 182],
       [103,  30, 182],
       [102,  31, 181],
       [101,  31, 178],
       [101,  31, 178],
       [100,  31, 176],
       [100,  31, 175],
       [ 97,  31, 174],
       [ 98,  31, 174],
       [ 97,  31, 172],
       [ 96,  30, 171],
       [ 95,  30, 169],
       [ 95,  30, 169],
       [ 93,  30, 166],
       [ 93,  29, 165],
       [  0,   0,   0],
       [  0,   0,   0],
       [  0,   0,   0],
       [  0,   0,   0],
       [  0,   0,   0],
       [  0,   0,   0],
       [  0,   0,   0],
       [  0,   0,   0],
       [  0,   0,   0],
       [  0,   0,   0],
       [  0,   0,   0]], dtype=uint8), array([[  0,   0,   0],
       [  0,   0,   0],
       [  0,   0,   0],
       [  0,   0,   0],
       [  0,   0,   0],
       [  0,   0,   0],
       [  0,   0,   0],
       [  0,   0,   0],
       [  0,   0,   0],
       [  0,   0,   0],
       [  0,   0,   0],
       [  0,   0,   0],
       [  0,   0,   0],
       [112,  33, 196],
       [112,  31, 194],
       [111,  30, 193],
       [111,  31, 192],
       [109,  30, 191],
       [110,  30, 191],
       [107,  30, 188],
       [107,  30, 187],
       [106,  29, 186],
       [104,  31, 185],
       [103,  30, 182],
       [103,  30, 182],
       [102,  31, 181],
       [101,  31, 178],
       [101,  31, 178],
       [100,  31, 176],
       [100,  31, 175],
       [ 97,  31, 174],
       [ 97,  31, 174],
       [ 97,  31, 172],
       [ 96,  30, 171],
       [ 95,  30, 169],
       [ 95,  30, 169],
       [ 92,  30, 166],
       [ 93,  29, 165],
       [  0,   0,   0],
       [  0,   0,   0],
       [  0,   0,   0],
       [  0,   0,   0],
       [  0,   0,   0],
       [  0,   0,   0],
       [  0,   0,   0],
       [  0,   0,   0],
       [  0,   0,   0],
       [  0,   0,   0],
       [  0,   0,   0],
       [  0,   0,   0]], dtype=uint8), array([[  0,   0,   0],
       [  0,   0,   0],
       [  0,   0,   0],
       [  0,   0,   0],
       [  0,   0,   0],
       [  0,   0,   0],
       [  0,   0,   0],
       [  0,   0,   0],
       [  0,   0,   0],
       [  0,   0,   0],
       [  0,   0,   0],
       [  0,   0,   0],
       [  0,   0,   0],
       [  0,   0,   0],
       [111,  30, 193],
       [111,  31, 192],
       [110,  30, 191],
       [110,  30, 191],
       [107,  30, 188],
       [107,  30, 187],
       [106,  29, 186],
       [104,  31, 185],
       [103,  30, 182],
       [103,  30, 182],
       [102,  31, 181],
       [101,  31, 178],
       [101,  31, 178],
       [100,  31, 176],
       [100,  31, 175],
       [ 97,  31, 174],
       [ 97,  31, 174],
       [ 97,  31, 172],
       [ 96,  30, 171],
       [ 95,  30, 169],
       [ 95,  30, 169],
       [ 92,  30, 166],
       [ 93,  29, 165],
       [  0,   0,   0],
       [  0,   0,   0],
       [  0,   0,   0],
       [  0,   0,   0],
       [  0,   0,   0],
       [  0,   0,   0],
       [  0,   0,   0],
       [  0,   0,   0],
       [  0,   0,   0],
       [  0,   0,   0],
       [  0,   0,   0],
       [  0,   0,   0],
       [  0,   0,   0]], dtype=uint8), array([[  0,   0,   0],
       [  0,   0,   0],
       [  0,   0,   0],
       [  0,   0,   0],
       [  0,   0,   0],
       [  0,   0,   0],
       [  0,   0,   0],
       [  0,   0,   0],
       [  0,   0,   0],
       [  0,   0,   0],
       [  0,   0,   0],
       [  0,   0,   0],
       [  0,   0,   0],
       [  0,   0,   0],
       [  0,   0,   0],
       [  0,   0,   0],
       [110,  30, 191],
       [107,  30, 188],
       [107,  30, 187],
       [106,  29, 186],
       [104,  31, 185],
       [103,  30, 182],
       [103,  30, 182],
       [102,  31, 181],
       [101,  31, 178],
       [101,  31, 178],
       [100,  31, 176],
       [100,  31, 175],
       [ 97,  31, 174],
       [ 97,  31, 174],
       [ 97,  31, 172],
       [ 96,  30, 171],
       [ 95,  30, 169],
       [ 95,  30, 169],
       [ 92,  30, 166],
       [  0,   0,   0],
       [  0,   0,   0],
       [  0,   0,   0],
       [  0,   0,   0],
       [  0,   0,   0],
       [  0,   0,   0],
       [  0,   0,   0],
       [  0,   0,   0],
       [  0,   0,   0],
       [  0,   0,   0],
       [  0,   0,   0],
       [  0,   0,   0],
       [  0,   0,   0],
       [  0,   0,   0],
       [  0,   0,   0]], dtype=uint8), array([[  0,   0,   0],
       [  0,   0,   0],
       [  0,   0,   0],
       [  0,   0,   0],
       [  0,   0,   0],
       [  0,   0,   0],
       [  0,   0,   0],
       [  0,   0,   0],
       [  0,   0,   0],
       [  0,   0,   0],
       [  0,   0,   0],
       [  0,   0,   0],
       [  0,   0,   0],
       [  0,   0,   0],
       [  0,   0,   0],
       [  0,   0,   0],
       [  0,   0,   0],
       [  0,   0,   0],
       [  0,   0,   0],
       [104,  31, 185],
       [103,  30, 182],
       [103,  30, 182],
       [102,  31, 181],
       [101,  31, 178],
       [101,  31, 178],
       [100,  31, 176],
       [100,  31, 175],
       [ 97,  31, 174],
       [ 97,  31, 174],
       [ 97,  31, 172],
       [ 96,  30, 171],
       [ 95,  30, 169],
       [  0,   0,   0],
       [  0,   0,   0],
       [  0,   0,   0],
       [  0,   0,   0],
       [  0,   0,   0],
       [  0,   0,   0],
       [  0,   0,   0],
       [  0,   0,   0],
       [  0,   0,   0],
       [  0,   0,   0],
       [  0,   0,   0],
       [  0,   0,   0],
       [  0,   0,   0],
       [  0,   0,   0],
       [  0,   0,   0],
       [  0,   0,   0],
       [  0,   0,   0],
       [  0,   0,   0]], dtype=uint8), array([[  0,   0,   0],
       [  0,   0,   0],
       [  0,   0,   0],
       [  0,   0,   0],
       [  0,   0,   0],
       [  0,   0,   0],
       [  0,   0,   0],
       [  0,   0,   0],
       [  0,   0,   0],
       [  0,   0,   0],
       [  0,   0,   0],
       [  0,   0,   0],
       [  0,   0,   0],
       [  0,   0,   0],
       [  0,   0,   0],
       [  0,   0,   0],
       [  0,   0,   0],
       [  0,   0,   0],
       [  0,   0,   0],
       [  0,   0,   0],
       [  0,   0,   0],
       [  0,   0,   0],
       [  0,   0,   0],
       [  0,   0,   0],
       [  0,   0,   0],
       [100,  31, 175],
       [  0,   0,   0],
       [  0,   0,   0],
       [  0,   0,   0],
       [  0,   0,   0],
       [  0,   0,   0],
       [  0,   0,   0],
       [  0,   0,   0],
       [  0,   0,   0],
       [  0,   0,   0],
       [  0,   0,   0],
       [  0,   0,   0],
       [  0,   0,   0],
       [  0,   0,   0],
       [  0,   0,   0],
       [  0,   0,   0],
       [  0,   0,   0],
       [  0,   0,   0],
       [  0,   0,   0],
       [  0,   0,   0],
       [  0,   0,   0],
       [  0,   0,   0],
       [  0,   0,   0],
       [  0,   0,   0],
       [  0,   0,   0]], dtype=uint8), array([[0, 0, 0],
       [0, 0, 0],
       [0, 0, 0],
       [0, 0, 0],
       [0, 0, 0],
       [0, 0, 0],
       [0, 0, 0],
       [0, 0, 0],
       [0, 0, 0],
       [0, 0, 0],
       [0, 0, 0],
       [0, 0, 0],
       [0, 0, 0],
       [0, 0, 0],
       [0, 0, 0],
       [0, 0, 0],
       [0, 0, 0],
       [0, 0, 0],
       [0, 0, 0],
       [0, 0, 0],
       [0, 0, 0],
       [0, 0, 0],
       [0, 0, 0],
       [0, 0, 0],
       [0, 0, 0],
       [0, 0, 0],
       [0, 0, 0],
       [0, 0, 0],
       [0, 0, 0],
       [0, 0, 0],
       [0, 0, 0],
       [0, 0, 0],
       [0, 0, 0],
       [0, 0, 0],
       [0, 0, 0],
       [0, 0, 0],
       [0, 0, 0],
       [0, 0, 0],
       [0, 0, 0],
       [0, 0, 0],
       [0, 0, 0],
       [0, 0, 0],
       [0, 0, 0],
       [0, 0, 0],
       [0, 0, 0],
       [0, 0, 0],
       [0, 0, 0],
       [0, 0, 0],
       [0, 0, 0],
       [0, 0, 0]], dtype=uint8), array([[0, 0, 0],
       [0, 0, 0],
       [0, 0, 0],
       [0, 0, 0],
       [0, 0, 0],
       [0, 0, 0],
       [0, 0, 0],
       [0, 0, 0],
       [0, 0, 0],
       [0, 0, 0],
       [0, 0, 0],
       [0, 0, 0],
       [0, 0, 0],
       [0, 0, 0],
       [0, 0, 0],
       [0, 0, 0],
       [0, 0, 0],
       [0, 0, 0],
       [0, 0, 0],
       [0, 0, 0],
       [0, 0, 0],
       [0, 0, 0],
       [0, 0, 0],
       [0, 0, 0],
       [0, 0, 0],
       [0, 0, 0],
       [0, 0, 0],
       [0, 0, 0],
       [0, 0, 0],
       [0, 0, 0],
       [0, 0, 0],
       [0, 0, 0],
       [0, 0, 0],
       [0, 0, 0],
       [0, 0, 0],
       [0, 0, 0],
       [0, 0, 0],
       [0, 0, 0],
       [0, 0, 0],
       [0, 0, 0],
       [0, 0, 0],
       [0, 0, 0],
       [0, 0, 0],
       [0, 0, 0],
       [0, 0, 0],
       [0, 0, 0],
       [0, 0, 0],
       [0, 0, 0],
       [0, 0, 0],
       [0, 0, 0]], dtype=uint8)]